Time,AAAAAAAAAA,*AAAAAAAAA,Other,Total
0.0,17,20,0,37
0.1,15,20,0,35
0.2,11,20,0,31
0.3,9,20,0,29
0.4,7,20,0,27
0.5,7,20,0,27
0.6,7,20,0,27
0.7,4,20,0,24
0.8,2,20,0,22
0.9,2,20,0,22
1.0,1,20,0,21
1.1,1,20,0,21
1.2,1,20,0,21
1.3,1,20,0,21
1.4,1,20,0,21
1.5,1,20,0,21
1.6,1,20,0,21
1.7,0,20,0,20
1.8,0,19,0,19
1.9,0,19,0,19
2.0,0,19,0,19
2.1,0,19,0,19
2.2,0,19,0,19
2.3,0,19,0,19
2.4,0,19,0,19
2.5,0,19,0,19
2.6,0,19,0,19
2.7,0,19,0,19
2.8,0,19,0,19
2.9,0,19,0,19
3.0,0,19,0,19
3.1,0,19,0,19
3.2,0,19,0,19
3.3,0,19,0,19
3.4,0,19,0,19
3.5,0,19,0,19
3.6,0,19,0,19
3.7,0,19,0,19
3.8,0,19,0,19
3.9,0,19,0,19
4.0,0,19,0,19
4.1,0,19,0,19
4.2,0,19,0,19
4.3,0,19,0,19
4.4,0,19,0,19
4.5,0,19,0,19
4.6,0,19,0,19
4.7,0,19,0,19
4.8,0,19,0,19
4.9,0,19,0,19
5.0,0,19,0,19
5.1,0,19,0,19
5.2,0,19,0,19
5.3,0,19,0,19
5.4,0,19,0,19
5.5,0,19,0,19
5.6,0,19,0,19
5.7,0,19,0,19
5.8,0,19,0,19
5.9,0,19,0,19
6.0,0,19,0,19
6.1,0,19,0,19
6.2,0,19,0,19
6.3,0,19,0,19
6.4,0,19,0,19
6.5,0,19,0,19
6.6,0,19,0,19
6.7,0,19,0,19
6.8,0,19,0,19
6.9,0,19,0,19
7.0,0,19,0,19
7.1,0,19,0,19
7.2,0,19,0,19
7.3,0,19,0,19
7.4,0,19,0,19
7.5,0,19,0,19
7.6,0,19,0,19
7.7,0,19,0,19
7.8,0,19,0,19
7.9,0,19,0,19
8.0,0,19,0,19
8.1,0,19,0,19
8.2,0,19,0,19
8.3,0,19,0,19
8.4,0,19,0,19
8.5,0,19,0,19
8.6,0,19,0,19
8.7,0,19,0,19
8.8,0,19,0,19
8.9,0,19,0,19
9.0,0,19,0,19
9.1,0,19,0,19
9.2,0,19,0,19
9.3,0,19,0,19
9.4,0,19,0,19
9.5,0,19,0,19
9.6,0,19,0,19
9.7,0,19,0,19
9.8,0,19,0,19
9.9,0,19,0,19
10.0,0,19,0,19
