Time,MKAKLLVLLCAFTATDADTICIGYHANNSTDTVDTVLEKNVTVTHSVNLLEDSHNGKLCRLKGIAPLQLGNCSIAGWILGNPECESLFSKESWSYIAETPNSENGTCYPGYFADYEELREQLSSVSSFERFEIFPKESSWPNHTVTKGVTAACSHNGKSSFYRNLLWLTEKNGLYPNLSKSYVNNKEKEVLVLWGVHHPSNIGDQRAIYHTENAYVSVVSSHYSRRFTPEIAKRPKVRGQEGRINYYWTLLEPGDTIIFEANGNLIAPWYAFALSRGFGSGIITSNASMDECDAKCQTPQGAINSSLPFQNVHPVTIGECPKYVRSTKLRMVTGLRNIPSVQSRGLFGAIAGFIEGGWTGMIDGWYGYHHQNEQGSGYAADQKSTQNAINGITNKVNSVIEKMNTQFTAVGKEFNKLERRMENLNKKVDDGFLDIWTYNAELLVLLENERTLDFHDSNVKNLYEKVKSQLKNNAKEIGNGCFEFYHKCNNECMESVKNGTYDYPKYSEESKLNREKIDGVKLESMGVYQILAIYSTVASSLVLLVSLGAISFWMCSNGSLQCRICI,MKAKLLVLLCAFTATDADTICIGYHANTSTDTVDTVLEKNVTVTHNVNLLEDSHNGKLCRLKGIAPLQLGNCSIAGWILGNPECESLFSKESWSYIAETPNSENATCEYGTCADYEELREQLSSVSSFERFEPFPNESSWPNHLVTPGVTAACSHNGKASFYRNLLWLTEKNGLYPNLPKSYVNNKEKEVLVLWGVHHPDNIGDQRAIYHTENAYVSVVSSHYSRRFTPEIAKRPKVRGQEMEINYYWTLLEPGDTIIFEANGNLIAPWDAFALSRGFGSGIITSNASMDECDAKCQTPQGAINSSLPFQNVHPVTIGECPKYGRSTKLRMVTGLRNIPSDQSRGLFGAIAGFCEGGWTEMIDGWYGYHHQNEQGSGYAADQKSTQNGITGITNKVNSVIEKMNTQFTAQGKEFNKLERRMENLNKKVDDGFLDIWTYNAELLVLLENERTLDFHDSNVKNCYEKVKSQLKNNAKEIGNGCFEFYHKCNNECMESVKNGTYDYPKYSEESKLNREKIDGVKLESMTVYQILAIYSTVASSLVLLVSAGAISFWMCSNGSLKCRICI,Other,Total
0.0,2,2,0,4
2.0,9,10,0,19
4.0,30,25,0,55
6.0,33,20,0,53
8.0,21,12,0,33
10.0,8,9,0,17
12.0,9,8,0,17
14.0,2,2,0,4
16.0,2,0,0,2
18.0,0,0,0,0
20.0,0,0,0,0
22.0,0,0,0,0
24.0,0,0,0,0
26.0,0,0,0,0
28.0,2,0,0,2
30.0,1,0,0,1
32.0,0,0,0,0
34.0,0,0,0,0
36.0,0,0,0,0
38.0,0,2,0,2
40.0,1,3,0,4
42.0,1,2,0,3
44.0,1,2,0,3
46.0,3,6,0,9
48.0,4,4,0,8
50.0,4,7,0,11
52.0,5,12,0,17
54.0,2,9,0,11
56.0,5,6,0,11
58.0,3,5,0,8
60.0,5,10,0,15
62.0,4,7,0,11
64.0,2,6,0,8
66.0,1,4,0,5
68.0,0,4,0,4
70.0,2,1,0,3
72.0,1,1,0,2
74.0,1,4,0,5
76.0,0,2,0,2
78.0,3,2,0,5
80.0,2,1,0,3
82.0,0,2,0,2
84.0,0,3,0,3
86.0,1,3,0,4
88.0,2,2,0,4
90.0,4,6,0,10
92.0,2,5,0,7
94.0,5,5,0,10
96.0,2,6,0,8
98.0,1,5,0,6
100.0,0,6,0,6
102.0,1,0,0,1
104.0,3,1,0,4
106.0,1,1,0,2
108.0,2,4,0,6
110.0,1,3,0,4
112.0,1,2,0,3
114.0,1,2,0,3
116.0,1,1,0,2
118.0,4,1,0,5
120.0,4,3,0,7
122.0,3,4,0,7
124.0,2,3,0,5
126.0,4,4,0,8
128.0,3,1,0,4
130.0,1,2,0,3
132.0,4,1,0,5
134.0,2,1,0,3
136.0,5,2,0,7
138.0,5,1,0,6
140.0,5,4,0,9
142.0,3,5,0,8
144.0,5,4,0,9
146.0,3,4,0,7
148.0,1,4,0,5
150.0,3,3,0,6
152.0,6,3,0,9
154.0,6,3,0,9
156.0,6,3,0,9
158.0,4,4,0,8
160.0,3,1,0,4
162.0,0,4,0,4
164.0,2,3,0,5
166.0,0,0,0,0
168.0,4,1,0,5
170.0,4,3,0,7
172.0,6,3,0,9
174.0,2,2,0,4
176.0,3,2,0,5
178.0,5,1,0,6
180.0,0,3,0,3
182.0,1,2,0,3
184.0,3,1,0,4
186.0,0,2,0,2
188.0,0,3,0,3
190.0,1,2,0,3
192.0,0,3,0,3
194.0,1,0,0,1
196.0,3,3,0,6
198.0,3,3,0,6
200.0,3,2,0,5
