Time,MKAKLLVLLCAFTATDADTICIGYHANNSTDTVDTVLEKNVTVTHSVNLLEDSHNGKLCRLKGIAPLQLGNCSIAGWILGNPECESLFSKESWSYIAETPNSENGTCYPGYFADYEELREQLSSVSSFERFEIFPKESSWPNHTVTKGVTAACSHNGKSSFYRNLLWLTEKNGLYPNLSKSYVNNKEKEVLVLWGVHHPSNIGDQRAIYHTENAYVSVVSSHYSRRFTPEIAKRPKVRGQEGRINYYWTLLEPGDTIIFEANGNLIAPWYAFALSRGFGSGIITSNASMDECDAKCQTPQGAINSSLPFQNVHPVTIGECPKYVRSTKLRMVTGLRNIPSVQSRGLFGAIAGFIEGGWTGMIDGWYGYHHQNEQGSGYAADQKSTQNAINGITNKVNSVIEKMNTQFTAVGKEFNKLERRMENLNKKVDDGFLDIWTYNAELLVLLENERTLDFHDSNVKNLYEKVKSQLKNNAKEIGNGCFEFYHKCNNECMESVKNGTYDYPKYSEESKLNREKIDGVKLESMGVYQILAIYSTVASSLVLLVSLGAISFWMCSNGSLQCRICI,MKAKLLVLLCAFTATDADTICIGYHANTSTDTVDTVLEKNVTVTHNVNLLEDSHNGKLCRLKGIAPLQLGNCSIAGWILGNPECESLFSKESWSYIAETPNSENATCEYGTCADYEELREQLSSVSSFERFEPFPNESSWPNHLVTPGVTAACSHNGKASFYRNLLWLTEKNGLYPNLPKSYVNNKEKEVLVLWGVHHPDNIGDQRAIYHTENAYVSVVSSHYSRRFTPEIAKRPKVRGQEMEINYYWTLLEPGDTIIFEANGNLIAPWDAFALSRGFGSGIITSNASMDECDAKCQTPQGAINSSLPFQNVHPVTIGECPKYGRSTKLRMVTGLRNIPSDQSRGLFGAIAGFCEGGWTEMIDGWYGYHHQNEQGSGYAADQKSTQNGITGITNKVNSVIEKMNTQFTAQGKEFNKLERRMENLNKKVDDGFLDIWTYNAELLVLLENERTLDFHDSNVKNCYEKVKSQLKNNAKEIGNGCFEFYHKCNNECMESVKNGTYDYPKYSEESKLNREKIDGVKLESMTVYQILAIYSTVASSLVLLVSAGAISFWMCSNGSLKCRICI,Other,Total
0.0,0,0,0,0
2.0,7,2,0,9
4.0,28,24,0,52
6.0,56,51,0,107
8.0,76,66,0,142
10.0,87,73,0,160
12.0,83,77,0,160
14.0,87,82,0,169
16.0,82,82,0,164
18.0,80,77,0,157
20.0,77,73,0,150
22.0,73,70,0,143
24.0,72,65,0,137
26.0,68,62,0,130
28.0,65,62,0,127
30.0,65,61,0,126
32.0,65,60,0,125
34.0,62,60,0,122
36.0,58,60,0,118
38.0,55,58,0,113
40.0,52,56,0,108
42.0,54,54,0,108
44.0,51,56,0,107
46.0,51,55,0,106
48.0,46,59,0,105
50.0,47,62,0,109
52.0,52,65,0,117
54.0,54,72,0,126
56.0,50,78,0,128
58.0,52,81,0,133
60.0,51,79,0,130
62.0,56,85,0,141
64.0,60,84,0,144
66.0,59,86,0,145
68.0,59,86,0,145
70.0,58,84,0,142
72.0,56,85,0,141
74.0,57,81,0,138
76.0,54,77,0,131
78.0,52,75,0,127
80.0,51,75,0,126
82.0,56,74,0,130
84.0,52,70,0,122
86.0,53,67,0,120
88.0,52,65,0,117
90.0,54,66,0,120
92.0,57,69,0,126
94.0,58,70,0,128
96.0,61,74,0,135
98.0,63,79,0,142
100.0,62,77,0,139
102.0,61,79,0,140
104.0,61,77,0,138
106.0,60,72,0,132
108.0,59,71,0,130
110.0,57,71,0,128
112.0,53,71,0,124
114.0,51,73,0,124
116.0,52,73,0,125
118.0,53,71,0,124
120.0,54,74,0,128
122.0,54,71,0,125
124.0,54,68,0,122
126.0,54,68,0,122
128.0,57,66,0,123
130.0,56,67,0,123
132.0,54,67,0,121
134.0,57,64,0,121
136.0,52,64,0,116
138.0,53,64,0,117
140.0,56,62,0,118
142.0,58,63,0,121
144.0,62,64,0,126
146.0,61,63,0,124
148.0,61,66,0,127
150.0,60,69,0,129
152.0,61,71,0,132
154.0,61,72,0,133
156.0,64,70,0,134
158.0,68,69,0,137
160.0,70,72,0,142
162.0,72,70,0,142
164.0,72,74,0,146
166.0,72,77,0,149
168.0,73,75,0,148
170.0,69,75,0,144
172.0,68,73,0,141
174.0,70,76,0,146
176.0,69,75,0,144
178.0,71,79,0,150
180.0,73,79,0,152
182.0,66,80,0,146
184.0,66,77,0,143
186.0,66,72,0,138
188.0,65,69,0,134
190.0,64,72,0,136
192.0,65,70,0,135
194.0,66,69,0,135
196.0,64,69,0,133
198.0,66,71,0,137
200.0,66,69,0,135
